{
 "cells": [
  {
   "cell_type": "code",
   "execution_count": 3,
   "metadata": {},
   "outputs": [
    {
     "data": {
      "text/plain": [
       "{'human_points': tensor([[[[[ 5.5569e-01, -1.7631e-01,  1.3236e-03],\n",
       "            [-1.2163e+00, -2.0272e-01,  1.0268e-01],\n",
       "            [ 5.2536e-02, -3.7514e-01, -1.4464e+00],\n",
       "            ...,\n",
       "            [-5.3912e-01, -7.3111e-01,  6.6785e-01],\n",
       "            [-1.4795e+00, -6.6395e-01, -6.1560e-01],\n",
       "            [ 1.1516e+00,  5.5066e-02, -7.0219e-01]]],\n",
       " \n",
       " \n",
       "          [[[ 3.5308e-01,  4.2869e-01,  3.1534e-01],\n",
       "            [-3.6758e-01,  4.7720e-01, -3.0597e-01],\n",
       "            [ 2.7518e+00,  1.3590e+00, -6.8368e-01],\n",
       "            ...,\n",
       "            [ 1.1317e+00, -2.7809e-01, -1.9728e-01],\n",
       "            [ 1.0529e+00,  6.0827e-01, -1.1180e+00],\n",
       "            [ 1.8131e+00, -9.2598e-01, -1.4789e+00]]],\n",
       " \n",
       " \n",
       "          [[[-3.6603e-01,  2.7379e+00,  7.5797e-01],\n",
       "            [-4.3266e-01,  9.7469e-01,  3.1105e-01],\n",
       "            [ 2.2153e+00, -7.4788e-01,  1.9520e+00],\n",
       "            ...,\n",
       "            [-1.2255e+00, -1.0876e+00,  4.3099e-01],\n",
       "            [ 1.3998e+00, -2.2938e+00, -1.1050e+00],\n",
       "            [-1.2951e+00, -1.8219e-01,  4.2789e-01]]],\n",
       " \n",
       " \n",
       "          ...,\n",
       " \n",
       " \n",
       "          [[[-1.1902e+00, -7.0709e-01, -1.0880e+00],\n",
       "            [ 4.4679e-01,  9.5647e-01,  5.8095e-01],\n",
       "            [-2.8455e-01, -2.3780e+00, -5.4441e-01],\n",
       "            ...,\n",
       "            [-1.4262e+00, -3.6455e-01,  1.2791e+00],\n",
       "            [-6.8130e-01,  8.5745e-02,  2.6664e-02],\n",
       "            [ 2.8128e+00,  8.8256e-01, -1.4368e+00]]],\n",
       " \n",
       " \n",
       "          [[[ 1.3562e-01,  5.1730e-01,  8.8529e-01],\n",
       "            [-4.0033e-01,  1.0901e+00,  4.9201e-01],\n",
       "            [ 1.2928e+00,  1.7388e+00,  1.9154e+00],\n",
       "            ...,\n",
       "            [-7.8572e-01, -8.2356e-01,  8.8013e-02],\n",
       "            [ 7.2090e-01, -2.0474e+00,  3.6631e-01],\n",
       "            [-4.8207e-01,  1.8895e-01,  6.0820e-04]]],\n",
       " \n",
       " \n",
       "          [[[ 4.7858e-01,  1.2526e+00, -5.7223e-01],\n",
       "            [ 1.0952e+00, -5.9316e-01, -3.9770e-01],\n",
       "            [ 5.4307e-01, -1.1683e-01,  9.2231e-01],\n",
       "            ...,\n",
       "            [-2.9625e-01,  5.8581e-01, -2.1618e-01],\n",
       "            [-1.3085e+00,  7.3562e-01,  1.0729e+00],\n",
       "            [ 8.0064e-01,  9.1525e-01, -1.0106e+00]]]]], device='cuda:1'),\n",
       " 'pred_rotmats': tensor([[[[[ 8.3082e-01,  4.1054e-02, -5.5503e-01],\n",
       "            [-4.1772e-01,  7.0500e-01, -5.7313e-01],\n",
       "            [ 3.6777e-01,  7.0802e-01,  6.0288e-01]],\n",
       " \n",
       "           [[ 6.3492e-01, -6.2734e-01,  4.5091e-01],\n",
       "            [ 5.4694e-02,  6.1868e-01,  7.8374e-01],\n",
       "            [-7.7064e-01, -4.7295e-01,  4.2713e-01]],\n",
       " \n",
       "           [[ 2.5864e-01, -4.3341e-01, -8.6329e-01],\n",
       "            [-7.0213e-01, -6.9812e-01,  1.4013e-01],\n",
       "            [-6.6341e-01,  5.6990e-01, -4.8487e-01]],\n",
       " \n",
       "           ...,\n",
       " \n",
       "           [[ 6.0628e-01,  6.7152e-01,  4.2601e-01],\n",
       "            [-1.6413e-01,  6.2982e-01, -7.5920e-01],\n",
       "            [-7.7813e-01,  3.9036e-01,  4.9207e-01]],\n",
       " \n",
       "           [[ 6.6024e-01,  6.9939e-01, -2.7375e-01],\n",
       "            [-2.0261e-05, -3.6447e-01, -9.3122e-01],\n",
       "            [-7.5105e-01,  6.1483e-01, -2.4062e-01]],\n",
       " \n",
       "           [[ 2.5008e-01, -1.7379e-01, -9.5250e-01],\n",
       "            [-1.9857e-01, -9.7205e-01,  1.2522e-01],\n",
       "            [-9.4764e-01,  1.5782e-01, -2.7760e-01]]],\n",
       " \n",
       " \n",
       "          [[[ 1.7751e-01, -4.5293e-01,  8.7370e-01],\n",
       "            [-4.4650e-01,  7.5409e-01,  4.8164e-01],\n",
       "            [-8.7700e-01, -4.7560e-01, -6.8376e-02]],\n",
       " \n",
       "           [[ 3.9615e-01,  9.1415e-01,  8.5967e-02],\n",
       "            [ 1.4948e-01,  2.8170e-02, -9.8836e-01],\n",
       "            [-9.0594e-01,  4.0439e-01, -1.2548e-01]],\n",
       " \n",
       "           [[ 2.5701e-01,  7.9710e-01, -5.4642e-01],\n",
       "            [-3.5260e-02, -5.5731e-01, -8.2956e-01],\n",
       "            [-9.6576e-01,  2.3247e-01, -1.1513e-01]],\n",
       " \n",
       "           ...,\n",
       " \n",
       "           [[ 2.0439e-01,  5.4049e-01, -8.1614e-01],\n",
       "            [-7.3012e-01, -4.7118e-01, -4.9488e-01],\n",
       "            [-6.5203e-01,  6.9703e-01,  2.9833e-01]],\n",
       " \n",
       "           [[ 3.3835e-01,  4.6639e-01, -8.1731e-01],\n",
       "            [-4.4646e-01, -6.8500e-01, -5.7571e-01],\n",
       "            [-8.2837e-01,  5.5969e-01, -2.3543e-02]],\n",
       " \n",
       "           [[ 3.3541e-01, -6.2581e-01, -7.0417e-01],\n",
       "            [-8.7260e-01, -4.8810e-01,  1.8141e-02],\n",
       "            [-3.5506e-01,  6.0838e-01, -7.0980e-01]]],\n",
       " \n",
       " \n",
       "          [[[ 5.4967e-01, -7.8290e-01, -2.9142e-01],\n",
       "            [ 7.8445e-01,  3.6378e-01,  5.0230e-01],\n",
       "            [-2.8724e-01, -5.0470e-01,  8.1411e-01]],\n",
       " \n",
       "           [[ 2.0748e-01,  2.6781e-01, -9.4086e-01],\n",
       "            [-4.5604e-01, -8.2440e-01, -3.3523e-01],\n",
       "            [-8.6543e-01,  4.9863e-01, -4.8915e-02]],\n",
       " \n",
       "           [[ 2.0695e-02, -7.5611e-01,  6.5411e-01],\n",
       "            [-5.8025e-02,  6.5224e-01,  7.5579e-01],\n",
       "            [-9.9810e-01, -5.3596e-02, -3.0375e-02]],\n",
       " \n",
       "           ...,\n",
       " \n",
       "           [[ 7.7079e-01,  6.0996e-01,  1.8395e-01],\n",
       "            [-1.2622e-01,  4.2921e-01, -8.9434e-01],\n",
       "            [-6.2446e-01,  6.6613e-01,  4.0781e-01]],\n",
       " \n",
       "           [[ 5.4891e-01,  4.6263e-02,  8.3460e-01],\n",
       "            [ 6.6795e-01,  5.7599e-01, -4.7124e-01],\n",
       "            [-5.0252e-01,  8.1614e-01,  2.8527e-01]],\n",
       " \n",
       "           [[ 2.0774e-01,  4.2739e-01, -8.7988e-01],\n",
       "            [-4.5631e-01, -7.5329e-01, -4.7364e-01],\n",
       "            [-8.6523e-01,  4.9989e-01,  3.8532e-02]]],\n",
       " \n",
       " \n",
       "          ...,\n",
       " \n",
       " \n",
       "          [[[ 7.3044e-01,  1.8637e-01, -6.5705e-01],\n",
       "            [-8.6976e-02, -9.2883e-01, -3.6015e-01],\n",
       "            [-6.7741e-01,  3.2022e-01, -6.6225e-01]],\n",
       " \n",
       "           [[ 6.1532e-01,  1.4687e-01, -7.7447e-01],\n",
       "            [-7.6717e-01,  3.3740e-01, -5.4554e-01],\n",
       "            [ 1.8118e-01,  9.2983e-01,  3.2028e-01]],\n",
       " \n",
       "           [[ 5.6984e-01,  3.0311e-02,  8.2120e-01],\n",
       "            [ 7.8293e-01, -3.2357e-01, -5.3134e-01],\n",
       "            [ 2.4961e-01,  9.4572e-01, -2.0812e-01]],\n",
       " \n",
       "           ...,\n",
       " \n",
       "           [[ 6.5532e-01, -3.7672e-01,  6.5471e-01],\n",
       "            [-3.3217e-01,  6.3473e-01,  6.9770e-01],\n",
       "            [-6.7840e-01, -6.7469e-01,  2.9081e-01]],\n",
       " \n",
       "           [[ 7.3294e-01, -2.2483e-01,  6.4207e-01],\n",
       "            [ 5.7330e-01, -3.0398e-01, -7.6087e-01],\n",
       "            [ 3.6624e-01,  9.2577e-01, -9.3903e-02]],\n",
       " \n",
       "           [[ 8.2484e-01, -4.1292e-01,  3.8618e-01],\n",
       "            [-3.3139e-01,  2.0032e-01,  9.2198e-01],\n",
       "            [-4.5806e-01, -8.8847e-01,  2.8392e-02]]],\n",
       " \n",
       " \n",
       "          [[[ 7.4820e-01,  5.6819e-01,  3.4257e-01],\n",
       "            [ 1.7201e-01,  3.3256e-01, -9.2726e-01],\n",
       "            [-6.4079e-01,  7.5271e-01,  1.5109e-01]],\n",
       " \n",
       "           [[ 6.1948e-02,  1.3233e-01,  9.8927e-01],\n",
       "            [-8.0343e-03,  9.9121e-01, -1.3209e-01],\n",
       "            [-9.9805e-01,  2.3445e-04,  6.2467e-02]],\n",
       " \n",
       "           [[ 5.6727e-01,  7.4192e-01, -3.5743e-01],\n",
       "            [ 4.4791e-02, -4.6117e-01, -8.8618e-01],\n",
       "            [-8.2231e-01,  4.8670e-01, -2.9484e-01]],\n",
       " \n",
       "           ...,\n",
       " \n",
       "           [[ 3.0494e-01,  9.5028e-01,  6.3137e-02],\n",
       "            [ 1.7452e-01,  9.4147e-03, -9.8461e-01],\n",
       "            [-9.3624e-01,  3.1126e-01, -1.6297e-01]],\n",
       " \n",
       "           [[-4.0911e-01,  8.9790e-01,  1.6249e-01],\n",
       "            [-1.0556e-01,  1.3030e-01, -9.8584e-01],\n",
       "            [-9.0636e-01, -4.2047e-01,  4.1475e-02]],\n",
       " \n",
       "           [[ 6.0078e-01,  7.5924e-01,  2.5023e-01],\n",
       "            [ 2.1745e-01,  1.4600e-01, -9.6509e-01],\n",
       "            [-7.6927e-01,  6.3422e-01, -7.7382e-02]]],\n",
       " \n",
       " \n",
       "          [[[ 5.3823e-01,  1.2267e-01,  8.3382e-01],\n",
       "            [ 3.6541e-01,  8.5756e-01, -3.6203e-01],\n",
       "            [-7.5946e-01,  4.9954e-01,  4.1674e-01]],\n",
       " \n",
       "           [[ 9.9739e-01, -3.0318e-03,  7.2144e-02],\n",
       "            [ 2.8925e-02,  9.3223e-01, -3.6070e-01],\n",
       "            [-6.6162e-02,  3.6185e-01,  9.2989e-01]],\n",
       " \n",
       "           [[ 5.8630e-01,  5.6289e-01,  5.8258e-01],\n",
       "            [-5.6005e-01,  8.0125e-01, -2.1055e-01],\n",
       "            [-5.8531e-01, -2.0283e-01,  7.8503e-01]],\n",
       " \n",
       "           ...,\n",
       " \n",
       "           [[ 8.5376e-02,  2.8158e-01, -9.5573e-01],\n",
       "            [-6.5915e-01, -7.0336e-01, -2.6610e-01],\n",
       "            [-7.4715e-01,  6.5269e-01,  1.2555e-01]],\n",
       " \n",
       "           [[ 5.1089e-01,  1.6174e-02,  8.5950e-01],\n",
       "            [ 7.8666e-01,  3.9437e-01, -4.7501e-01],\n",
       "            [-3.4664e-01,  9.1881e-01,  1.8875e-01]],\n",
       " \n",
       "           [[ 6.4157e-02,  5.7725e-01, -8.1405e-01],\n",
       "            [-4.3412e-01, -7.1835e-01, -5.4360e-01],\n",
       "            [-8.9857e-01,  3.8827e-01,  2.0451e-01]]]]], device='cuda:1',\n",
       "        grad_fn=<ViewBackward>),\n",
       " 'pred_full_joints': tensor([[[[ 1.0325, -0.0341, -1.3525],\n",
       "           [ 0.5100,  0.0056, -1.3279],\n",
       "           [ 0.3967, -0.3572,  1.1433],\n",
       "           ...,\n",
       "           [-0.1939, -0.8289,  0.6261],\n",
       "           [ 0.0816, -0.4522,  0.2548],\n",
       "           [ 0.0298, -0.4724, -0.2573]],\n",
       " \n",
       "          [[ 1.9673,  0.7086, -0.8209],\n",
       "           [ 0.4809, -0.0664, -0.7707],\n",
       "           [ 1.2576, -0.1382,  0.5917],\n",
       "           ...,\n",
       "           [-0.4000, -0.3600,  0.6155],\n",
       "           [-0.8791,  0.0363,  1.5971],\n",
       "           [ 0.0696, -0.5209, -0.0758]],\n",
       " \n",
       "          [[ 1.0202, -0.0349, -1.0573],\n",
       "           [ 0.8898, -0.1038, -0.3201],\n",
       "           [ 0.7880,  0.3620,  0.1131],\n",
       "           ...,\n",
       "           [ 0.5123, -0.2364, -0.5262],\n",
       "           [-1.0868, -0.0909,  0.5915],\n",
       "           [ 0.1029, -0.4666, -0.6966]],\n",
       " \n",
       "          ...,\n",
       " \n",
       "          [[ 0.3722,  0.0456, -0.6912],\n",
       "           [ 0.6786,  0.4279, -1.0406],\n",
       "           [ 0.9691,  0.1914, -0.1281],\n",
       "           ...,\n",
       "           [-0.0861, -0.1573, -0.0674],\n",
       "           [-0.8257,  0.1264,  0.0241],\n",
       "           [-0.5747, -0.6263, -0.1189]],\n",
       " \n",
       "          [[ 0.8415, -0.5149, -0.0895],\n",
       "           [ 0.0703,  0.1478, -0.1540],\n",
       "           [ 0.2131, -0.2679,  0.2790],\n",
       "           ...,\n",
       "           [-0.0557, -0.5609,  0.0782],\n",
       "           [-0.1831, -0.5495,  0.1714],\n",
       "           [ 0.3078, -0.5716,  0.2496]],\n",
       " \n",
       "          [[ 1.0536,  0.1933, -1.0916],\n",
       "           [-0.1571,  0.0929, -0.2020],\n",
       "           [ 0.4814,  0.5927,  0.4673],\n",
       "           ...,\n",
       "           [-0.1231,  0.0719,  0.9289],\n",
       "           [-1.0109, -0.1884,  0.1737],\n",
       "           [ 0.6092, -0.2090,  0.5575]]]], device='cuda:1',\n",
       "        grad_fn=<ViewBackward>)}"
      ]
     },
     "execution_count": 3,
     "metadata": {},
     "output_type": "execute_result"
    }
   ],
   "source": [
    "\n",
    "from modules.regressor import *\n",
    "import torch\n",
    "\n",
    "device = torch.device('cuda:1')\n",
    "ori_reg = Regressor().to(device)\n",
    "reg_with_transformer_encoder = RegressorWithTransformerEncoder().to(device)\n",
    "sample = {'human_points': torch.randn((1, 16, 1, 512, 3), device=device)}\n",
    "reg_with_transformer_encoder(sample)"
   ]
  }
 ],
 "metadata": {
  "kernelspec": {
   "display_name": "lidarcap",
   "language": "python",
   "name": "python3"
  },
  "language_info": {
   "codemirror_mode": {
    "name": "ipython",
    "version": 3
   },
   "file_extension": ".py",
   "mimetype": "text/x-python",
   "name": "python",
   "nbconvert_exporter": "python",
   "pygments_lexer": "ipython3",
   "version": "3.7.16"
  }
 },
 "nbformat": 4,
 "nbformat_minor": 2
}
